4.3096e-06,0.99569,0.0043093,1.4011e-11
0.99988,7.0965e-52,0.00012302,4.0991e-47
2.6953e-11,0.40281,0.59718,6.942e-06
0.97632,1.0751e-12,0.023684,4.2274e-12
0.32217,5.2891e-06,0.67685,0.0009741
8.7254e-06,0.47518,0.52481,8.3278e-07
3.1926e-42,7.3296e-12,1.0125e-19,1
0.53717,0.0040851,0.45874,3.3202e-06
0.00011488,4.36e-06,0.99882,0.0010594
8.301e-06,4.3999e-07,0.99999,2.5663e-20
0.049414,5.1013e-06,4.6589e-23,0.95058
1,4.1107e-12,7.0823e-39,7.8485e-07
1.4838e-05,0.99999,2.3869e-15,7.0336e-10
0.0014174,2.0478e-10,0.99858,2.0436e-06
1,2.6518e-10,3.9071e-14,3.8829e-15
1.0391e-08,7.2373e-10,1,2.6483e-07
0.034,4.8758e-15,0.34085,0.62515
0.48963,8.9964e-20,1.5254e-14,0.51037
2.5742e-28,2.0649e-09,1,2.2378e-34
1.418e-08,0.8948,0.1052,8.8807e-09
2.9823e-07,2.7826e-05,0.98331,0.01666
0.65413,4.2207e-15,2.4031e-22,0.34587
1.8551e-05,5.2242e-06,2.6563e-17,0.99998
0.072863,0.00052208,0.00048353,0.92613
0.033049,1.3363e-05,1.0814e-22,0.96694
0.9948,8.0148e-19,4.5673e-12,0.0052046
0.99483,4.9342e-08,1.1489e-37,0.0051666
3.5938e-19,0.9999,4.0793e-28,9.7301e-05
1.1019e-28,4.1944e-10,0.94466,0.05534
2.0235e-09,2.4793e-12,0.9962,0.0038007
0.00054526,0.99944,2.2928e-16,1.3372e-05
0.96323,0.036764,4.6546e-08,9.0773e-06
0.00023355,0.99977,3.2199e-15,3.3626e-15
0.0046721,0.91561,0.079612,0.00010402
0.0032973,5.7859e-16,0.001058,0.99564
9.7067e-11,3.8097e-07,0.56624,0.43376
6.1625e-10,1,5.0225e-16,2.3956e-21
1.4461e-09,2.7014e-14,0.01426,0.98574
0.76834,1.501e-08,0.23166,5.2354e-15
0.14473,0.85527,3.3386e-13,7.1264e-09
0.010048,0.93279,0.057166,1.3567e-10
7.5138e-15,0.4909,5.6821e-10,0.5091
0.00019164,0.00027174,0.98864,0.010892
8.3787e-12,0.004373,0.99563,7.7667e-16
0.0038059,1.123e-09,0.0040349,0.99216
9.3421e-05,0.99991,6.0376e-12,6.4059e-10
2.9437e-06,0.2296,0.7704,7.9691e-08
0.89383,0.10617,1.3252e-22,2.5427e-06
0.88092,0.11908,7.7023e-07,1.5653e-16
1.0643e-08,8.4201e-08,3.8706e-08,1
3.7848e-07,0.5677,0.4323,4.2994e-15
4.4472e-14,6.4172e-10,1,5.3676e-19
5.491e-12,0.0048391,0.99516,2.9015e-14
0.55913,1.1983e-17,0.00015154,0.44072
0.91213,0.0002202,3.5916e-12,0.087646
0.9652,0.034761,3.4607e-05,5.1328e-21
5.3746e-10,3.5745e-32,9.8262e-09,1
0.99628,2.1626e-05,0.0036975,1.8686e-17
1.8068e-06,0.9444,0.00024439,0.055357
4.3229e-12,1,2.1012e-16,1.6225e-11
4.697e-16,9.258e-05,7.6888e-08,0.99991
0.00081805,9.7148e-10,0.66553,0.33365
2.85e-11,3.6904e-06,0.99616,0.0038348
0.067668,0.067309,0.86502,1.6772e-09
0.0078537,5.5075e-13,0.96669,0.02546
5.2769e-06,0.024414,1.273e-18,0.97558
3.2708e-10,0.94205,2.7462e-06,0.057948
0.93794,3.7833e-22,0.062055,7.0219e-06
1.5715e-55,2.4655e-07,5.5986e-14,1
2.1143e-08,2.7917e-10,1,2.0169e-23
0.23922,0.002222,0.75856,2.5586e-10
5.0702e-44,0.27758,3.7705e-06,0.72242
3.0514e-08,1.0233e-17,1,1.9501e-10
0.46181,7.2673e-12,0.00086376,0.53733
0.99206,0.0053329,0.0026066,5.0245e-11
0.99239,1.7071e-05,9.4716e-09,0.0075922
2.484e-19,1,5.3484e-13,5.6406e-16
0.00026751,0.29263,0.70711,1.6599e-40
2.2593e-10,3.8195e-09,0.96651,0.033491
0.015007,0.98499,3.9319e-11,2.9441e-09
2.7297e-06,1.7451e-10,0.99984,0.00015491
0.0012482,0.97821,0.0033868,0.017155
0.034312,6.4239e-06,0.96568,5.6757e-13
4.7812e-15,3.198e-12,0.99999,1.2293e-05
0.83983,8.7302e-30,4.9346e-06,0.16016
4.419e-14,0.81334,0.18478,0.0018746
0.00082004,0.97809,0.021092,5.9364e-09
7.6353e-07,0.99818,4.3419e-06,0.0018132
0.9749,1.0291e-06,0.025091,8.0447e-06
0.83638,0.082264,0.081354,7.174e-33
5.0695e-05,1.1172e-11,3.9616e-08,0.99995
0.14032,0.0079419,2.1448e-20,0.85174
0.018229,1.1321e-15,3.3092e-12,0.98177
0.0064864,0.69595,6.7909e-10,0.29756
0.0065925,0.58905,0.00053889,0.40382
0.051656,0.00091676,1.3606e-19,0.94743
0.0023011,5.4388e-07,8.5312e-07,0.9977
9.3691e-19,1,8.5772e-11,2.2588e-24
3.3265e-05,4.7846e-10,0.013337,0.98663
0.99778,9.1155e-24,0.00060193,0.0016163
0.0026005,0.85369,1.0754e-05,0.1437
1.217e-08,2.7503e-21,1,6.5575e-23
0.22479,0.00012531,0.77509,1.0232e-22
0.81602,0.00011532,0.18387,9.1483e-07
2.8116e-09,6.762e-08,1,3.1711e-20
0.30935,8.7457e-11,2.5236e-15,0.69065
0.94649,4.1259e-48,7.3701e-08,0.053507
0.58931,0.074037,0.33407,0.0025885
0.99379,0.0051518,0.0010558,2.8376e-58
0.64386,0.35614,3.9114e-40,8.6235e-09
1,1.184e-06,3.0102e-06,1.3529e-18
0.68885,0.3043,0.0068529,7.1739e-11
0.50357,0.00056337,0.48679,0.0090709
0.99999,1.0402e-19,8.4124e-06,6.2706e-13
0.002411,6.3781e-12,2.5784e-07,0.99759
3.3902e-19,0.98394,0.016064,1.8982e-11
0.0013391,1.3053e-25,0.99866,4.2591e-21
2.7894e-07,1.1059e-06,1,1.5741e-07
0.00047275,3.5495e-11,0.99952,4.0936e-06
5.6921e-07,0.19837,0.80159,3.0287e-05
9.589e-13,0.001179,0.97128,0.027543
0.0011613,0.0069038,0.99193,2.8641e-14
1,1.0247e-06,6.2967e-11,6.7205e-07
4.6111e-08,0.99793,0.0020721,1.1153e-15
4.8301e-09,1.8594e-09,9.1456e-09,1
